706,522
2543,472
1878,4738
4567,1664
3391,4805
550,105
399,1925
2173,441
4094,2801
4581,4161
3541,1007
2484,1091
2247,3235
1367,169
856,4653
3050,2012
2947,980
1933,623
3795,2139
4104,839
3477,394
898,2064
4258,3302
959,3960
3452,4651
4441,4755
1572,3198
1232,3346
3038,1452
1872,3643
2018,4398
808,2385
1755,3538
2158,3066
3639,197
293,1955
3697,2389
4331,1794
109,4067
1833,3945
923,2407
364,4852
212,1942
4087,4749
4748,3587
2585,2343
3914,4108
2468,4079
3233,3513
3956,720
1144,2893
321,3255
3005,2486
1058,2830
2514,3085
3237,2618
4619,2927
2720,4611
2681,956
2173,4813
3098,1056
1965,3699
2612,2950
1688,4589
4921,252
3561,1596
111,4760
1448,1677
2086,2109
494,1373
884,1257
2235,310
350,3614
2724,4634
35,2857
1398,2277
4987,4143
1269,88
4575,269
643,55
4445,116
2909,2262
4524,288
2507,3506
1479,4690
2525,572
4109,4447
2576,1841
3821,1655
3349,2645
226,701
3201,2064
2501,4931
256,4615
3491,7
2102,1817
1466,439
575,4415
1995,4973
4433,3709
4754,2865
3155,3992
332,826
1815,4187
214,4428
1267,1567
567,1645
4829,3744
562,845
3408,4593
32,2892
3662,119
2588,4355
4106,3670
3872,3161
3493,3848
2222,4640
1538,1008
2546,2856
1732,1675
3116,4716
3048,4063
3740,4182
4897,3468
610,1831
2500,1150
212,3487
2324,1862
2850,1683
1404,4624
1720,1792
315,2053
935,1066
4345,927
3754,2468
1198,1353
4113,380
1477,3963
3491,4599
26,3406
4458,4285
3060,688
4308,990
2283,2382
963,4676
1805,4510
1452,755
4955,4971
3048,4642
3128,1321
3484,3970
3361,1789
633,4794
2037,3479
2010,2008
3371,3251
304,1645
3813,1082
3732,4627
2745,3592
3783,1963
3611,4078
663,335
4901,2005
425,153
915,2496
1471,3705
3569,488
4571,4918
55,3161
2600,2451
4019,2602
4952,3554
2853,4807
589,2520
4886,3421
544,3183
2538,1521
4006,4283
1126,3945
4893,32
3054,504
1093,4522
427,1599
1723,3325
158,2461
3219,4584
4639,4979
1591,1009
2773,756
1129,3741
63,1552
267,1141
599,3288
4814,2048
129,288
3792,4757
1915,2568
4397,2162
156,430
3127,1254
1731,911
1009,1072
202,960
3544,1206
4930,1644
157,4017
1463,1152
3616,149
237,4952
2570,2139
432,4675
3196,4870
3669,3462
2669,718
4229,3076
4500,2343
2629,4875
2010,2799
543,2842
939,4639
4744,3608
2118,2132
131,4775
1941,763
2599,4248
1925,204
2860,4635
4469,2056
2715,1139
2403,387
1938,1473
624,501
2144,2814
35,1588
2789,817
4606,1042
4013,1578
1042,1824
1204,4711
3386,3894
1521,1906
3119,4981
1151,4296
4483,1641
406,3601
3731,3051
4086,4199
1348,1918
1631,264
4988,2317
3387,353
1621,1782
3289,4530
1191,4929
3593,1292
4499,3004
2753,3509
3866,32
3354,643
2997,2848
1978,2041
4829,4188
733,1555
603,3461
230,4124
193,940
3370,4716
4154,1168
285,4984
339,1621
3105,3201
3048,2761
4102,727
3945,577
333,1316
3564,4635
2267,2140
3986,4993
4171,1080
4696,1734
2574,1377
4699,3116
1099,3559
3281,1684
3002,2698
4747,2017
3951,1376
3390,3777
2640,2068
86,6
1257,26
1775,2561
4207,4205
3673,1230
730,2808
644,2852
288,2252
2694,375
3502,4932
309,4190
1093,2261
1222,2635
216,1547
684,4538
2397,209
2353,2103
994,4690
477,1195
3249,785
3909,1894
4886,2051
954,194
701,1895
1729,346
2329,3015
3922,2708
406,4543
3913,2643
2451,4140
2345,2660
2168,2782
2480,4168
455,3541
505,598
1775,1499
773,2717
4670,3415
4304,2689
1307,1028
1934,3321
4818,3985
856,4382
4934,3292
344,1451
4424,1481
2391,4109
3440,1249
3373,751
4571,433
4739,807
37,4778
3571,830
889,1205
3038,1991
239,4871
1336,1423
2206,2671
1489,3183
1926,3098
4234,810
3197,4054
4821,3941
2755,1664
4277,3421
3689,2200
3118,874
4936,4774
1931,3687
414,3673
2140,2376
254,3353
4859,4553
145,4615
1903,4416
3407,190
3825,1473
4846,2576
2610,983
4957,3277
3075,4225
1928,3264
1949,1686
1753,462
1487,1079
4387,2802
1416,1900
4605,505
556,3491
2842,268
3796,1787
3408,3508
14,3499
3375,1645
4675,2360
811,948
3730,2137
4245,2915
448,1990
1404,3173
1447,3330
3128,4471
3676,4252
2421,572
515,4341
667,2766
1788,3336
3128,1288
4464,3420
3250,2097
3311,108
787,2774
3915,2086
4072,4279
1302,337
3704,3566
2087,4669
2468,466
2306,3937
3479,4409
4725,1450
4777,3981
340,1692
4160,4041
2656,2957
3451,2028
3740,2954
4862,1339
2543,354
4203,1590
180,3142
4270,3825
4284,2101
679,766
4515,2662
3982,527
3588,2488
1019,508
3978,453
1081,870
2926,31
270,3345
1886,1676
4826,2780
4807,1129
1570,599
3381,1889
4229,1583
2180,4599
4697,3239
1013,2041
3173,3641
3975,1571
2087,4899
1935,3001
1008,737
2920,1980
2311,3796
1519,4572
586,1255
2275,1546
959,3386
4739,2030
2146,346
1906,4436
1975,3026
756,2842
4857,4532
505,1629
3017,315
3236,3574
845,453
3768,833
2679,48
3225,4080
3711,1255
2660,2089
4611,3114
4729,3434
2549,1945
4425,1741
2993,1146
4673,2982
4981,3725
2123,2779
1938,4890
1555,271
3019,2348
701,506
4618,3906
4351,745
2121,2826
4372,720
366,2314
1878,390
3450,2071
2727,1072
4537,1495
581,3346
780,786
852,2601
2925,446
789,3821
4700,1036
4070,910
2413,4223
3816,3643
2594,2327
3267,167
1774,3953
2616,1314
494,380
2976,4867
810,4130
734,171
1767,1002
4726,3832
1701,397
2820,322
684,4198
4667,2977
3244,968
2977,4227
3255,2731
3478,857
1875,414
1572,474
3170,4538
754,1192
2470,922
3011,570
302,3899
4143,1411
4497,4984
589,844
4507,2945
3130,2576
2933,3286
1717,4526
2403,2396
1612,3079
4299,3524
1943,1353
4430,2899
4309,2163
4643,1628
2852,4762
1187,4097
1322,4345
472,213
3377,3271
2142,2634
1350,3930
931,2643
1188,3531
1468,4875
3789,3721
2957,3579
4918,1778
603,2790
628,1598
4322,2073
4848,1526
3740,3368
36,3836
1964,2372
4054,837
4019,3341
4584,1665
821,1660
4069,434
358,778
695,3415
2839,2778
452,1255
2826,3191
2389,1329
4585,1779
3949,3716
1433,3471
190,2563
1254,999
214,2743
4468,1599
4702,4616
2642,3253
957,3943
3721,194
4887,2191
1378,1433
3687,962
1563,3781
1010,3773
3630,1372
1252,887
4392,868
3879,997
1470,1506
2827,3006
564,1599
3947,4887
3076,4483
2260,3220
2234,3446
2608,3038
1892,405
2338,0
4784,2875
4647,2473
4989,1441
4113,3096
347,3815
224,1774
3021,3607
1120,862
1014,528
1627,3426
1133,3800
2886,727
1521,2790
186,3831
3764,1861
2642,2634
3530,3879
1213,2242
1859,354
3017,2770
2486,851
4540,2908
4259,486
3846,2274
2326,393
2024,11
3778,3912
2514,984
4989,2567
952,2199
4902,3929
2979,2133
4820,1237
3244,4142
2394,2525
4003,660
2511,2504
4587,282
2907,3625
1468,4682
2591,2912
1505,2018
3484,2631
3856,4618
1365,229
2253,2939
3049,4465
2868,3557
1519,1054
3088,1669
889,4704
4880,3448
37,1364
2500,4921
2972,879
1724,1364
4746,4917
4608,637
1071,961
2296,836
2381,2273
1424,2165
272,1064
1258,1693
4636,1030
3763,1853
4184,3446
3793,1534
3032,3057
628,2120
3778,3935
293,4133
2152,4536
1840,3132
4857,878
1133,4205
2405,899
4288,2263
1927,1362
1823,3973
3753,807
3932,589
763,4871
827,1300
1124,1721
2605,1661
333,176
2058,2093
1980,2291
3660,4383
2871,1773
483,3758
3544,4558
3095,3285
4158,177
3254,317
1234,302
2014,2971
3,3351
2017,2281
3709,540
2008,3136
1920,4472
3872,2229
3841,842
283,4636
2702,1087
1102,1980
3971,3821
2045,1205
423,2542
789,947
3467,935
427,3678
1809,2734
2090,2276
3921,1379
674,978
4765,2347
485,4072
4333,4513
3091,1963
3541,2265
2615,3794
4200,34
2647,4829
1306,812
505,1167
4751,4708
3316,4632
2692,194
420,4754
2399,3007
715,4970
413,3771
862,1624
1983,1620
519,910
3098,2473
1053,4849
3320,1633
3125,422
3734,2261
4617,1756
874,3154
1227,57
2678,853
27,4139
4093,3337
4564,4181
1550,2645
2028,4076
4172,1023
1493,4686
3940,4595
1716,925
2302,3467
1312,1059
716,3645
4667,138
3390,2606
4096,906
2544,805
2593,1130
240,27
464,4761
2909,1872
3299,675
3252,2696
1250,2711
4415,3578
1463,1279
1438,3949
1402,4211
3188,3968
3423,4095
2317,3073
791,2591
2196,4769
1532,2014
3430,4010
3093,2560
2778,1955
1663,430
168,637
2807,1667
2395,1956
4370,3459
4790,2817
4468,2242
4403,3382
2942,1272
1604,16
1091,4836
4728,4355
2126,2130
1164,2883
4281,405
485,3903
2148,4483
2286,4619
4043,1198
1161,403
1700,4008
2350,2332
1448,4379
301,4290
2611,3695
1068,1821
956,1409
4511,1827
702,4460
3511,4324
503,3159
2675,3965
2974,887
4316,4985
4956,3431
4339,391
111,4848
3316,730
1133,1043
2907,1394
1829,1874
3919,4233
2984,2311
1594,739
3619,4106
3917,4583
2687,484
4900,2188
1333,3385
4358,4208
63,316
2981,4180
4356,4324
1710,4755
1740,2428
694,3306
200,2117
2495,2276
2887,3442
981,4310
4293,2224
13,850
4514,3403
2704,3274
3595,4775
4397,2748
332,2346
4978,1513
2540,4739
3524,2307
601,486
2646,1191
2059,4258
3030,570
2989,2624
4301,2891
2404,48
4915,1486
3950,2131
4666,4600
1620,2083
4807,1965
3031,2946
1621,2854
786,982
4736,3148
3565,2321
2356,2454
4578,3822
2438,3903
373,781
3932,971
474,153
344,284
1078,3492
1210,4056
73,2571
4334,2165
679,4328
1807,4113
1284,176
4784,2007
1535,1153
4326,3730
1339,2461
1908,3775
4693,4410
4227,4486
3151,2483
1491,1525
2602,1337
423,941
3419,4327
1722,994
1634,191
1775,3897
662,1972
2619,197
997,572
3083,4321
827,261
3945,3617
1584,2435
4363,663
3344,3495
4014,1843
2837,282
1511,4947
3400,2490
3588,2208
3078,1979
2096,1148
4333,1658
1760,1368
438,2677
3489,1226
4400,2170
4345,2341
2392,453
4357,984
3611,1059
1297,1786
4824,4932
4707,380
461,2672
444,3507
1984,875
4890,2495
1812,1444
2931,3573
4322,1642
3872,4314
6,2788
1090,667
4584,4170
2555,2947
1780,2604
2244,2019
682,310
4971,4401
598,27
4554,2766
2233,4982
2889,2172
927,1850
4176,4595
1169,784
309,616
834,1983
427,2036
2489,4040
796,1291
3764,2497
374,4380
2278,1518
1813,1502
120,3530
1622,2942
735,4753
2081,24
3546,3918
4740,1381
3641,1607
425,4643
942,275
1185,2346
3530,2935
1912,1558
2878,3263
2649,3383
3255,3509
4894,3056
3684,1321
3122,2639
4162,2367
4881,4728
4902,403
2137,3571
2947,3062
1297,2157
2072,4378
3438,650
333,4467
2972,2185
265,3711
3711,2472
751,2345
416,37
2671,331
2697,2320
3485,1433
481,3575
394,104
1091,1774
4445,3341
3611,4816
613,492
1311,2524
71,4244
2723,4217
1996,4584
1021,4098
2303,1056
3977,2557
3634,2100
4547,2616
365,2624
2319,4286
2544,3510
3903,229
2023,4845
1387,1924
100,3895
506,259
4681,2892
4966,3427
2608,2127
324,2548
4059,1383
1272,4338
1127,3534
3140,2345
2441,4642
3098,1636
1820,2025
3627,208
3988,1141
2194,798
1844,2744
2645,2055
4197,3718
1523,4389
781,1120
3655,3238
2300,4771
3874,1161
2238,3212
4102,2136
1705,4042
4483,4105
797,3870
2086,2656
2912,4758
3086,114
4933,3173
4351,1315
2385,2864
3788,2409
658,2398
211,4968
4634,4860
4336,2049
1798,2466
1617,4423
2039,3705
4093,2802
3261,3540
1258,327
279,3867
1477,1023
3034,3541
1952,4127
420,2559
3776,4374
3071,1693
125,4307
2478,4515
4471,937
3181,3684
4505,446
1788,2310
3075,1228
4080,196
1701,3845
1606,3461
777,1791
921,4188
1934,1093
1555,209
1629,4239
3690,2243
1352,3993
2227,3433
3971,3746
4069,3968
793,242
3009,4678
4235,724
4113,724
3694,3871
4505,3578
1415,4610
916,1981
3386,3290
2581,2025
3029,2972
2055,266
1756,3192
958,2729
2648,4294
1225,2955
4776,1285
2668,4182
3782,4890
3600,4857
1980,831
162,2758
3381,3759
4475,389
3077,3893
47,681
1165,691
4586,1468
3187,2743
1569,1043
4766,31
1723,3047
1293,1550
3802,130
589,381
3199,2143
4690,1371
45,2198
1457,4297
532,2997
2364,4216
3299,3755
4247,4191
1790,2732
346,4847
995,1039
3321,2557
91,596
2755,2115
112,1831
3604,4345
3447,2696
694,2904
991,3441
4293,1035
3658,2537
858,3572
2326,4197
379,2968
3800,2102
4760,4717
3431,742
4386,2160
2469,780
4927,4449
4443,4342
4185,2348
3040,1666
4416,603
1708,4990
3200,1996
2086,4311
4836,2105
3828,4749
3878,4541
3864,3434
1962,3010
2071,3887
914,2705
3310,3534
4082,3858
3514,4844
1592,2963
3352,3510
4179,660
4781,4776
4907,2457
2549,2764
1278,4120
4553,928
1979,2720
549,386
4232,4656
2380,1175
277,4153
752,1711
2293,3174
4555,4342
2129,2242
1366,520
2400,318
4217,3218
4760,4088
3527,3152
4108,4307
1256,1794
3152,1029
202,1362
1956,3128
612,583
583,2177
3233,26
3555,3070
1130,380
2902,3207
4282,4036
1401,2680
2175,1661
3503,2331
4273,144
1129,2875
714,4617
1544,3958
3559,1264
2972,3193
1033,4001
277,783
4937,223
732,2838
3310,1690
1605,1794
250,901
25,867
4040,4119
2501,3541
2859,4625
2502,4115
3101,2708
1463,2263
3482,4597
4511,4866
2408,3356
821,3928
2406,4265
2743,1952
4576,4312
2668,2583
2186,4335
1272,3460
4592,4324
3565,3087
2410,4431
334,1408
1499,1162
2682,876
3760,3469
4356,2360
2179,1739
3033,541
80,1097
2108,4775
1376,549
2612,2194
604,3566
1929,2413
83,1650
2671,2805
1032,71
1103,2977
3022,3060
1076,1244
230,514
3192,4754
4956,3955
404,447
4949,4378
3380,3495
863,3790
1711,1861
466,1787
804,1580
4233,269
4440,757
798,198
1328,755
4283,56
1166,667
3668,864
3192,4509
1004,1505
885,296
3162,129
1111,4352
3270,4176
589,2242
3360,4242
1158,4882
2256,4496
2011,4961
1074,1082
3956,4758
2627,4649
1164,4893
3212,1360
3474,4999
4245,849
4504,2608
902,508
2065,2751
2805,3735
2487,1622
3256,2733
1042,3688
2545,4931
3411,2819
2500,1878
2082,4922
1196,1127
1316,3513
2612,1218
1140,557
4349,4237
1644,1158
3385,2197
3980,1748
1078,2907
2156,986
3595,2334
149,4894
2254,1123
995,1928
2949,4302
2499,2367
2414,4582
1412,4775
2839,3552
3786,1587
1242,577
920,2666
4736,4884
3950,348
951,1663
1741,3240
4722,1096
4974,3862
4625,1422
1259,1489
3870,4212
2608,3694
1738,4277
2391,3803
785,4205
2556,2526
4121,569
4744,1665
61,1130
3805,1017
2173,647
4624,4933
2561,2906
1292,1318
3255,1197
3797,1417
940,2297
1364,677
1616,2226
928,4106
1140,147
3210,1746
2754,2862
4119,4153
4999,3309
2448,2142
1264,3889
2963,3223
3235,1322
1133,3832
1632,4720
548,3235
4055,1139
233,471
2852,2714
3696,2835
202,3346
4877,673
1084,2878
826,3346
2434,2139
1319,4946
3749,1655
3800,2051
2981,1788
1089,3941
1093,743
1121,67
4599,3622
1338,1615
2629,3648
4948,2285
1940,1565
2659,2290
786,357
496,1434
1398,4493
3401,4249
4486,2400
2339,3182
1137,1064
272,3402
1742,4459
2225,3457
1074,2462
187,4211
717,2433
2191,2681
1686,4136
3362,882
3039,691
4649,732
3445,3306
4345,1628
1666,3997
4136,3938
4276,4447
2511,2531
2013,3505
1518,1128
4340,4202
4863,3324
3817,4932
717,2612
949,4367
2563,3997
2685,104
3790,4093
62,3187
3604,2083
3761,4244
1791,2077
1973,1249
4935,4917
4922,3307
668,3181
2618,881
189,3837
828,1325
1915,3513
2589,1733
679,946
1434,3786
4900,2819
4304,2065
2469,2473
3548,3082
2367,96
1058,2786
4998,2568
3644,4447
1337,1289
3699,3029
26,451
3562,4953
1912,2384
1272,91
4494,2028
3565,845
4290,3187
4996,763
613,2857
838,3195
3280,3183
3514,93
1426,3042
4974,2994
3516,1789
4043,3037
894,2052
2407,4449
4257,4351
3800,3732
4848,2104
3588,3986
1531,213
2143,1811
1219,2881
3834,3480
4098,504
4749,490
584,2116
2174,3870
2410,1925
222,1352
2985,4175
3598,2238
4427,547
1506,1262
2704,753
1994,1176
4595,4528
3562,1213
4546,1810
422,635
2955,563
2586,390
2303,564
2512,788
824,4930
1322,1570
1882,883
1001,2356
262,4905
2384,672
22,1219
776,3345
2157,2220
895,1056
3554,961
4324,4247
150,3234
3397,1069
236,1855
3582,2510
1682,718
438,1421
4431,4071
2941,3712
3527,1206
4598,3288
4426,4750
613,383
4787,4241
3233,3730
4669,1456
881,3510
606,722
1420,2295
2486,3579
767,3407
1323,4874
3990,4304
781,3002
2561,1733
4279,2183
1176,995
1363,4683
3468,400
2621,1661
1282,4642
3622,4852
1488,226
3484,575
815,2356
2651,4293
4873,4948
4086,4838
1965,4552
4407,1309
3249,1785
1680,147
4451,2486
3927,3533
794,923
901,4667
4674,825
944,1125
4785,118
2033,3764
4467,3853
834,3852
4082,3633
957,1228
1909,172
1365,3916
4640,1312
2059,4497
2962,2122
401,4002
4946,3598
4781,4892
1455,1631
3266,4048
2651,1608
53,494
2519,643
489,4396
4598,1475
4712,4465
176,2699
1624,622
3205,1985
3674,3362
2413,1447
3163,1310
4717,1678
3818,869
4072,4589
2397,1098
4014,1909
2224,3948
3766,4518
1397,3997
4470,2663
3546,134
1057,4583
3826,894
621,2806
1687,3117
2957,4904
282,4851
3445,3743
4424,4488
1825,3267
3971,3656
2725,3614
4098,1914
475,1323
503,3687
4235,4677
2539,3397
2901,3029
3900,3781
2852,1571
3895,1266
2902,2927
3141,4110
274,2373
503,23
3741,556
819,1203
3692,3537
1056,2443
485,559
419,4298
2303,1647
3882,1927
1012,1885
1950,4063
3490,643
283,3901
4372,2705
754,4798
4120,3635
1640,3102
820,4127
3593,2326
2505,1336
4705,3011
620,1457
3296,2293
1152,4597
2610,4902
4045,4861
1745,3389
4070,87
1533,3098
273,1918
1831,987
2783,1258
1970,497
2566,2317
3478,1823
3054,203
3069,4676
2180,3939
3443,680
994,2990
1396,3422
3742,4499
4400,2906
1890,3251
2679,4380
1241,495
2053,587
3152,2365
3875,4362
3134,1446
3374,3835
1119,787
1848,3842
439,716
1209,3778
1644,853
751,930
4169,2056
2245,3284
505,2711
3607,4315
3285,2745
4229,1206
1797,2482
171,3462
3711,2728
2546,3195
4616,2561
2303,1602
1298,558
2467,4821
689,2548
2736,388
3391,1123
1418,1096
120,591
3857,4070
2839,2706
550,2021
205,4289
692,2957
4192,2747
67,2563
3307,2556
1314,255
3400,4290
633,3594
244,2433
2273,4384
9,2488
2815,674
4711,4075
1989,1767
3871,2123
4003,557
658,282
1397,656
3513,3157
629,2942
2481,3820
2081,835
3456,4810
1343,830
4958,3910
2473,406
4080,4813
2012,1364
1474,18
1893,117
4405,1947
2339,4831
2200,757
4597,3118
2893,4977
3728,2087
451,2978
1903,4836
407,1980
865,3548
1379,4806
1809,4961
3297,3597
124,4492
3270,3680
4182,3495
4911,512
3537,4181
1481,897
2282,2699
213,3225
2937,4981
3829,386
4955,4749
2910,823
957,4494
2800,1992
2385,4599
138,1025
1534,3603
4280,3752
4848,2860
4442,233
823,4939
4441,1369
3355,3157
3345,3166
3335,3154
516,1828
1132,2911
2289,4022
1582,1094
1370,3335
4342,1566
1774,2585
2690,4103
4363,3679
2066,1461
2024,3724
4186,2243
3210,3663
308,188
2468,1447
4796,4634
3657,4231
2730,3310
4893,3623
4961,258
2170,3754
1490,4754
4538,2904
1812,1856
2326,2899
3794,3313
4747,521
4777,439
1289,2536
3348,3626
3714,41
2273,3570
3539,3355
2909,2543
3502,4380
2857,740
3718,1808
4291,3270
2234,3079
2705,306
498,2099
1509,3216
2653,130
4887,1783
3101,938
668,2357
275,4982
191,776
128,1567
1215,4830
4995,4269
2001,2946
42,1701
4595,1586
1230,154
1852,3210
4831,3042
1775,262
2179,2704
917,2056
3468,4773
3089,2564
2359,500
465,2383
1617,2162
1789,667
511,1522
3958,1229
98,3563
3174,4599
4182,3301
4200,1594
2733,1105
1173,880
3207,3576
3597,1071
4297,2806
1362,3869
4827,4437
4234,3189
1236,2212
4969,4068
3365,1185
1346,3309
2731,546
3811,2263
4530,4965
2874,167
4220,1495
3478,4901
2974,3232
4176,1688
2212,718
17,2705
3807,89
49,661
2976,3632
3363,1970
3332,132
3229,1548
4759,2864
3149,1308
3412,4981
1541,4332
4932,1195
3296,3332
4606,2980
3862,3004
3036,1928
503,1294
4815,3641
4502,1289
497,3150
4287,4545
1602,4551
1835,2735
1913,577
142,110
3730,1515
1923,2231
2824,685
1420,1259
440,364
4702,3643
3417,4006
2581,51
4629,582
380,4765
3362,507
4458,262
694,643
1377,4028
4360,4208
66,4029
2838,3752
2921,168
3652,1919
3470,4130
868,1890
849,3780
2095,4291
4775,1243
617,431
1753,4978
3844,377
1748,1870
704,1661
184,2181
2955,2392
1899,4879
298,673
805,4665
4732,2413
1399,2710
2112,1250
2544,119
4658,678
3167,50
4515,3781
2058,3929
1102,3735
3832,1108
651,1051
3111,1991
1735,1289
1175,3476
4991,4617
3482,69
2133,110
1511,3204
4032,4043
2866,2594
1480,276
2212,26
3494,3781
1313,2821
3981,2970
2424,210
1841,4697
4014,3681
2949,3055
4622,823
75,2715
128,3688
2196,1745
2917,4405
2270,3854
3544,2059
869,1238
3275,4022
2486,3085
2144,1601
3623,2001
4495,668
840,3272
3228,2436
4743,1477
255,4624
3068,690
2519,3765
148,2171
2830,396
864,555
4198,127
3073,365
2988,603
69,3639
4842,3511
4558,3021
847,1721
1867,3107
1495,2571
2164,4128
3309,4440
2246,2567
2638,3826
2366,4510
3874,3962
255,1748
4384,1715
1450,4368
2595,4122
3931,2625
2367,1104
282,391
3713,47
4843,4445
545,688
4323,3906
3232,1736
2246,3405
1528,4153
2727,4162
1884,559
4765,880
3256,2810
3637,2779
3918,2499
512,1020
3640,4539
408,2205
4158,1855
3854,1238
3983,2921
2612,1833
4639,4996
3516,1295
4469,1692
1487,2089
1395,4769
741,1808
4986,4402
782,903
57,711
4174,1693
3823,1950
266,2340
4975,41
4247,4673
299,136
3826,2610
1594,1579
1241,1907
4294,989
3310,873
4659,3423
4625,2518
3798,3600
866,3403
4720,2951
1181,1919
2394,4566
1657,1336
4730,4823
4967,4428
2445,461
437,4906
4590,1778
214,2054
3161,2522
256,2715
2401,3301
2034,400
2325,1395
3542,1375
2822,844
4953,2348
3955,1907
216,675
3569,3552
2177,4471
4669,2529
3428,2845
1633,4719
2928,667
3386,2459
3889,845
1342,2113
3165,4093
2532,1257
4011,3335
4928,3592
1606,248
508,3089
4598,2683
209,4539
3485,3256
345,785
3046,4872
3520,2836
3767,1253
2114,1522
2989,4010
602,4108
4653,1842
2389,1123
1790,2312
4541,3842
3190,1077
923,3180
2337,2191
3768,245
458,3847
3974,4280
4147,557
4067,3293
4220,4696
2490,1405
4868,3406
603,1243
3293,47
2083,2756
3941,4086
1396,4820
2362,1503
2595,616
2596,340
4146,223
1132,1869
1064,2789
3683,1322
3608,4096
2775,2743
550,741
4822,3136
2621,3431
4121,3327
4887,937
108,1012
4951,19
1098,4154
565,1291
2962,2098
697,3880
550,914
3920,1646
989,1461
1207,1971
86,1634
4981,4845
2183,655
4998,4226
2529,2811
142,2916
453,1856
3762,120
1918,4692
1691,4529
4404,964
1134,4324
2046,317
191,2555
2863,4622
2442,2660
2120,1563
4498,2121
1031,3753
1483,443
4156,1339
3762,3798
603,1428
3427,2341
799,3800
4728,1297
4770,325
2567,2769
500,4304
2799,1866
464,1090
1363,2907
369,2482
796,2537
2358,1641
2736,1812
1856,1248
373,1712
2202,983
3721,618
537,1497
403,2710
4894,4792
2890,442
3996,376
268,374
954,4617
3626,1713
3623,855
3429,1768
4279,890
4983,4158
1064,1563
3088,2169
4952,4502
567,3164
583,2181
4976,2614
4334,3653
1660,4224
4592,354
2188,629
20,1009
858,2239
1269,2307
3089,1347
1201,600
4986,4647
161,1245
1646,1978
1704,4368
4137,4494
4809,751
4791,2420
4641,4659
1026,4970
2842,4205
823,3925
2349,4354
4138,3702
705,4496
4547,1292
60,2867
1963,3630
842,3976
1100,3089
2007,4682
1167,224
4864,2694
4467,2916
1218,2085
2598,257
1281,3119
3505,1996
3424,1061
2298,807
754,1591
1273,855
3468,2845
3081,1942
3788,4808
1578,4312
3559,2937
1610,3160
1685,599
2708,3302
3534,4869
2484,2267
1898,4290
11,1941
3009,3614
206,4781
1678,293
982,4063
2056,312
403,2019
4613,1172
2775,57
507,3286
1698,3344
156,345
311,2825
2000,2643
920,885
4107,2653
3957,4178
2834,4787
3933,174
4602,444
1281,1913
602,1194
4751,1373
3843,689
3689,2362
2094,1074
407,3612
1239,1667
432,1311
3303,1028
2781,4035
3020,97
4956,4403
1355,1225
2832,3473
2239,2601
4102,63
652,3432
1389,2609
594,2585
2629,4958
3954,3558
3791,1680
2246,3992
1586,4814
4355,1269
518,2221
2663,2246
3893,4152
1238,348
18,1265
1504,3863
3770,3140
1972,344
1607,1454
3925,1470
717,4365
3399,1470
81,4462
1306,3276
2157,1010
4639,1665
4118,970
2083,1881
1047,3406
4539,2237
1371,246
2567,1364
2101,3738
3435,4298
4708,549
2385,3779
889,1532
4199,4800
3822,4840
812,3078
1493,1609
1838,2655
1626,3486
3392,2800
1057,3738
2944,3201
1915,1688
3746,471
1798,2035
3016,4990
1027,2008
3568,255
3625,4507
776,2586
418,930
1706,4854
1241,108
4391,4762
2055,3559
3385,3615
3993,4282
1888,4617
1252,2831
1864,4201
1433,3728
3002,1787
1824,822
2051,4485
3041,1583
4030,2119
2710,806
2382,127
2032,1737
607,454
2297,3984
3416,1886
2297,4401
4644,392
3767,2598
4003,4441
2643,1575
1153,1690
1575,4919
3030,4066
3057,3553
368,472
4529,1266
4552,3187
1900,1761
2585,3162
871,57
1904,1096
312,1116
3137,2423
4825,1659
718,4090
2580,3236
4476,1135
4653,4339
2199,760
3707,188
2397,2391
3616,1591
1004,1031
4849,1457
3492,653
13,4488
2217,1233
3318,3704
1378,459
429,607
4241,1398
1482,1278
2892,4940
437,2064
2181,1208
4562,472
4455,683
2660,3160
2480,2368
3759,2106
2574,3368
1814,65
4077,1739
1019,1890
1464,949
2961,387
331,3100
947,999
909,985
3699,4711
4241,1432
2923,2284
4738,3188
33,1534
2220,158
1224,2657
347,3323
3033,4520
3231,1417
848,4800
3921,2194
600,1232
1894,4175
141,2
3383,1661
898,142
2316,4048
1512,4789
445,4530
327,4536
1706,3132
4670,4953
4725,3951
3687,655
67,1427
1415,4492
137,3899
790,694
4479,338
4037,4210
3047,3678
3151,559
2907,4729
341,1299
458,1891
4075,3701
4737,4959
3094,789
2524,4294
1507,1590
4135,3133
4935,603
3893,1406
5,3417
3258,4465
310,3754
4140,4764
1489,1675
4981,2758
2046,3643
3610,2388
197,3176
2352,2714
3402,3825
805,3648
1817,185
2478,2447
75,3561
3743,1195
1666,1501
4724,571
3041,993
228,3968
4561,4973
3470,66
4455,4766
2248,2864
2980,1747
2936,1759
3251,1179
3004,4827
2612,3257
1295,125
4923,340
3336,2928
2932,2433
4739,4192
3919,1686
2994,4204
1595,2031
1800,3429
355,4386
2840,2051
1584,4614
3114,3328
625,1984
1591,487
2144,3544
2959,4784
3345,103
4045,2868
284,542
781,2022
3674,1703
2592,4941
2400,3732
164,1220
3026,4575
4472,1873
4064,4244
2188,3956
2226,8
2303,948
842,4252
2048,4022
3727,3210
4506,139
2986,3932
1792,4813
2252,818
2024,3528
669,1820
928,540
1820,371
1108,2569
2719,4733
720,2748
2915,3736
642,276
3239,4833
4827,4422
4655,3570
1214,2837
2873,3672
1881,4094
1430,4659
3268,1893
867,2307
3287,4053
4080,410
4128,4118
3144,3126
1303,2641
2490,1758
871,2897
1937,1516
221,2419
991,2602
3873,2099
606,1738
2667,1795
3490,661
4786,1707
1465,2474
528,4255
449,236
1196,1476
705,709
1278,1529
914,2220
347,1115
1448,2631
804,4914
3085,849
902,3265
3434,4835
2094,989
1390,980
628,1130
1987,3243
1176,3663
4877,1616
2448,348
3967,3745
361,3929
1324,2344
4832,2033
1391,1552
3994,4506
3504,4872
3622,616
1572,2263
821,614
1789,3854
86,4725
81,3795
3189,2671
1044,331
4885,4832
183,4103
4594,4340
4135,620
588,4737
3650,61
4598,4838
633,4769
1273,2115
3268,560
738,2614
4442,1834
3559,113
3659,636
3848,1176
2802,808
989,4707
1667,4162
4323,3048
3925,2929
128,952
322,4731
611,1728
4256,3895
2739,3959
2522,1074
3050,484
3240,2271
390,1996
544,4481
681,2146
1772,4412
1935,1489
2719,3538
3171,1471
446,1872
3190,339
4079,4786
939,3358
1223,478
857,3411
2897,3536
3654,1728
1405,505
114,3043
2419,974
1151,3091
2248,1629
2827,910
2796,2769
4009,4365
724,4915
2160,4297
1531,2711
52,2101
4979,679
773,66
3624,2270
4249,1883
4405,3854
84,2214
3424,3775
2699,4472
4368,3746
3091,2450
1959,29
4209,3454
116,1492
2687,2982
1376,3004
3844,3694
453,1660
3064,1740
3848,1085
4467,4978
2380,4591
152,2589
2685,1795
941,596
863,2688
3576,1432
4620,2602
142,3597
117,2319
4950,2132
3230,4914
507,48
10,37
1761,411
711,959
4271,3283
4279,3113
3717,1015
4877,267
4416,3321
4198,738
2119,3688
3075,2412
4074,1498
1518,3114
270,1529
4782,982
395,1113
4084,3751
2579,1295
3681,4177
4885,3551
2064,293
2153,154
2532,2774
3720,3497
1550,276
1581,2492
2795,1819
1973,2598
963,3910
3893,1244
689,2742
2148,1944
2718,2604
1931,1126
2688,3121
3287,21
4500,2215
271,2782
3906,2567
3966,2391
4394,420
3626,4506
4401,1550
1965,912
1778,4981
332,4771
284,3641
1509,2969
1792,3856
2436,4928
843,1241
809,3429
636,1560
1639,580
195,2838
2339,3396
3591,149
497,269
2763,2642
2543,4815
4286,4666
4348,1354
2789,2163
3384,859
706,2302
990,50
3778,4038
195,3153
3258,197
2517,2841
4911,1385
4364,2587
2642,1936
1180,3782
1791,4887
3853,4150
4960,2621
642,4824
1893,4455
640,3473
3176,780
3521,2893
1848,936
3265,4553
4954,2344
2011,2566
125,4702
4904,1548
302,408
2359,4500
983,3249
2715,4466
2096,1840
90,4804
3396,371
4907,2450
3204,4044
3312,4131
2864,1471
739,1706
2318,274
3828,4447
2876,1287
2672,258
2717,2741
4522,1485
743,4787
1137,3574
1712,2702
797,8
846,2108
1157,3230
1084,3208
4362,4728
37,773
3684,2478
3316,4300
2182,709
3068,1915
1590,809
2815,3479
2087,4302
4496,3422
354,3417
2907,3385
1066,3809
4321,731
860,3857
4117,4245
3363,3315
1925,2944
3868,1944
4057,691
1816,1443
2605,4075
506,3444
1112,4988
2193,1014
21,502
3734,1309
2854,4592
1821,299
3354,4875
1804,2585
3440,1972
239,2470
3552,3275
3884,3518
4611,143
245,3805
1606,3911
4459,2479
2879,2622
2697,4333
3538,4846
3836,2262
511,701
461,980
4770,2216
2237,2829
2534,4231
1650,4280
3836,3036
3539,1484
4751,2322
50,4878
3904,4929
4703,2590
3780,4342
2420,732
825,1118
2694,3594
3136,2977
606,2851
2814,2904
3748,1042
1553,1063
4918,2375
2261,179
3643,4843
2730,4860
4582,1216
3443,3958
2005,582
4645,1518
847,428
4796,1505
651,1416
184,3056
1144,4506
1077,688
3670,1847
2221,4008
1972,2841
3658,2328
329,3601
699,2577
3002,965
1536,1478
3798,4178
4619,3671
1853,4943
704,3320
1246,3695
4059,3502
2191,2852
4035,2784
2413,689
1190,1382
2642,3082
633,4164
571,2317
1189,893
3376,2219
3503,4686
3527,2353
2905,613
4887,1053
2482,2374
1143,3901
2762,1924
2429,156
137,1124
4566,1562
3811,960
3422,154
3836,716
2192,4102
1747,4536
3754,3458
3591,2674
192,4373
3622,3485
4947,2069
2897,1360
1854,3816
239,2388
320,2356
1735,415
827,3712
1327,461
3408,2543
4911,2020
3517,2189
3421,4432
2953,2946
2267,1332
310,3735
1732,3056
1534,1652
1177,1144
3665,1098
2753,4606
4915,95
396,4836
2367,1332
2356,3689
778,1777
4266,2649
3109,249
3615,1405
3648,2112
2054,3908
196,2554
725,232
624,2326
3881,4175
2535,3830
1796,957
3437,3952
2105,2069
1793,2232
712,268
590,2225
4201,3533
4469,2730
3594,4932
1684,3419
2496,1553
4044,3845
4410,1008
3017,3811
2859,41
2451,1828
1154,595
4981,3309
2859,2804
3144,193
4612,63
1400,433
1965,1618
2000,2192
763,1541
2379,2596
2491,2763
1334,243
1913,4592
4542,4744
4052,1629
4373,671
1464,2409
1071,2253
3552,4807
4871,790
435,138
2454,2433
3800,2258
527,1439
2655,825
3048,1318
1309,4855
2984,3391
4261,4738
1396,3267
3262,2047
1141,2983
690,4376
3969,4556
547,4747
3640,4603
1670,1589
808,2353
3956,3901
90,3302
4065,1750
2089,1874
2228,1702
4362,1609
4425,2680
2992,3814
3411,251
2528,3388
2644,4471
390,4424
3289,971
892,2908
832,3445
3295,3367
2694,631
3082,360
3295,1741
4202,159
4958,4267
4402,2635
14,1007
3778,2867
402,4826
1192,66
4061,2420
4709,4485
2158,666
13,1741
858,2828
4689,3783
3407,995
3915,3794
3245,2632
4166,317
1049,1016
3430,3377
3716,2755
3057,929
840,1672
1153,1006
900,1876
2953,3921
4569,3597
1849,2629
375,1108
2948,777
3225,619
4228,4019
739,4984
3269,2770
660,875
4017,1692
2637,1332
4416,4403
1256,2731
901,4186
322,3683
1530,178
1689,3641
2872,4648
4430,184
3589,3588
3068,1300
152,3097
3527,4038
190,4503
2050,3383
346,25
2859,4908
4931,3237
4181,2446
1373,1291
207,3762
455,3189
2736,2697
977,745
2112,3621
1987,4123
933,4076
3624,1337
1180,4966
4523,865
2541,45
783,1939
3337,1505
2319,428
3710,3282
4114,1984
3811,945
3381,4306
845,610
361,4477
1708,3092
2391,3429
43,4870
2739,2430
1284,3594
2057,4215
1570,4155
3750,162
1626,2163
4852,4878
378,4196
2035,2477
3154,3650
312,4988
695,4318
4139,4217
3252,46
2804,3096
2654,2354
543,2114
2413,3536
4144,3763
1225,4899
414,3303
2195,1866
1327,2329
4405,483
4099,2512
1057,3561
3922,1393
4558,2751
382,613
3102,2840
4610,1524
4998,4301
2508,4272
1620,2738
1112,489
52,1919
1252,1902
3236,656
1440,2476
2991,1810
3459,2769
4594,292
2039,2740
2079,2797
1203,3309
1801,2178
4308,2032
3936,3890
3305,1541
4358,702
709,1667
3018,2257
1107,2785
956,667
1804,2549
1311,2906
2622,1292
3028,1841
577,3353
2262,3415
840,2470
182,1450
2335,1521
2611,2867
1613,4346
998,3546
1765,936
4748,1792
3398,984
4185,2901
431,1412
4640,3654
1998,3895
4556,3016
4004,2095
1960,3599
4279,943
3509,1886
132,215
3569,3233
174,3089
2701,2458
198,1412
4788,333
191,4883
2090,3240
4168,3008
1631,4428
1477,1528
4452,3440
1965,3242
2510,4518
1033,2399
4267,822
2427,2862
307,3183
2415,4599
2727,2342
2358,829
2103,586
4107,2870
1472,4121
3652,3720
3078,1271
2959,4081
4056,3604
763,129
1268,579
4226,1830
1425,2799
2145,2613
2906,2329
3223,3907
825,4569
281,4289
717,4295
4425,2513
2980,2742
1770,3389
866,2313
2968,1643
2863,3346
2453,1703
1067,933
1978,795
3116,4175
4404,2951
3441,1494
4964,2790
4545,3392
1542,3509
990,3670
2011,4761
4179,1897
2149,2173
3809,4484
964,4112
4831,4149
3397,4560
3523,1520
1487,4892
1238,3133
4820,189
4891,1474
4072,133
2778,2627
2491,1121
4418,3106
653,4193
4982,2692
2524,4170
2431,4805
1986,2279
3211,292
1767,2939
1744,404
4267,3025
1905,1650
918,1504
2497,469
3517,2705
2825,663
4395,4829
1993,4843
3341,372
2143,4204
3225,4478
2643,2317
1108,1433
1147,2541
1978,4599
3354,4780
3389,1021
3360,3113
4216,2768
2188,4149
1696,3160
4175,4819
4992,1768
4057,2157
286,3368
598,1395
796,2540
2179,3436
4029,3235
4189,4485
357,3603
3491,3918
2998,1692
2274,2021
1469,2527
4274,4220
3184,2994
2508,3712
303,2824
2325,2987
1023,3990
2255,3610
2648,606
3984,849
3842,4924
2731,981
3579,2703
3792,1740
4669,3904
468,1947
4494,683
4335,1406
2741,1378
3211,2802
3679,2114
1780,1205
910,4849
2109,1367
1348,4881
4917,2392
2708,72
3179,1545
4796,3293
4288,481
2849,768
4043,1399
2356,4025
3493,340
3302,4496
4516,1270
2395,1182
817,375
1791,1526
3718,2377
4241,1072
4039,3435
3987,3076
4239,3069
2504,2790
1610,4448
737,1377
3600,2911
3071,381
3849,532
1356,416
3065,1852
365,3647
3644,1526
4255,1451
3401,1917
3222,1911
4887,1777
1729,4255
1059,2927
3433,4071
1483,4159
2886,68
4180,4665
2582,2906
2304,1410
1324,1833
1021,2472
3007,834
3070,3987
3079,2713
3814,4700
4389,3340
4873,3826
1490,1823
1182,2463
2969,4569
2099,932
3933,3906
3966,3944
3114,3979
3944,1349
2794,1991
4240,36
4537,1062
2417,4542
1185,2072
4848,720
257,430
3417,3193
195,354
1822,4406
371,4841
2088,1755
4734,3736
3539,4101
1868,2773
4520,2747
3769,2465
1906,2398
2747,3484
2936,428
3053,1640
1278,897
3368,26
675,2150
4136,4420
3749,2760
804,3185
4625,1600
3550,2485
302,801
1170,3316
1321,2059
1199,748
1951,2792
3524,1019
4093,358
2418,1394
1353,3731
3563,1191
2034,4708
3061,1389
3612,2448
4024,1760
1943,4231
1487,3953
2495,262
3182,2135
2905,4737
3966,4219
3345,1267
3075,2883
3626,1764
3974,3391
342,4410
1832,4541
3037,2359
451,4241
1387,4781
3351,3873
3035,4439
3805,1367
4952,3218
3524,3831
2176,283
2136,263
3412,4344
2846,4414
280,178
1410,1848
2121,4280
1418,1180
2399,593
4563,136
3458,2588
4395,3124
1386,93
4831,3906
2462,1708
1578,4055
3240,143
4862,59
2274,216
1129,3693
3160,4684
3961,1209
2018,1503
399,2402
1668,2625
2615,3006
2302,2035
4020,4588
4535,2659
2524,1966
3160,2587
1952,3572
2247,2355
2255,1978
4418,1359
3906,830
4464,870
623,3774
3627,3186
4753,4883
4694,2429
885,4837
2740,3572
1753,4852
4770,274
4171,3262
2692,2810
533,573
2732,4036
2609,4663
2895,3421
2984,309
2366,432
2189,1432
1412,246
4608,1349
2906,1288
2272,4378
349,2115
4479,2322
4249,1050
855,2791
835,644
3138,301
337,50
1042,3238
4224,90
635,4920
4445,576
1118,955
30,321
3440,4524
4313,2822
4003,51
4185,4802
3871,617
3204,287
4061,1845
1213,3840
3121,1722
2294,1888
4742,1362
4204,1370
2125,2816
653,2352
4933,4773
4644,3524
2292,3928
1257,1331
2125,3013
288,1734
1116,535
4826,425
34,3937
4676,3790
3707,4252
1102,4396
3661,3142
4226,2078
3967,2943
697,1187
4398,1833
3516,2745
4620,4680
1642,3780
4235,3529
362,108
81,4207
4419,4207
183,3779
4983,1835
1787,510
3645,4328
3671,248
3510,2797
4702,4179
2364,4182
2316,2748
2336,4283
666,2081
4452,354
942,4543
3202,3825
3890,994
2962,3101
2370,3666
542,188
2960,2509
4400,2535
3188,4188
4074,3019
4817,3845
4078,56
1165,1180
1439,980
1871,136
3541,3102
2974,4629
893,891
955,3467
438,1324
933,4056
4074,4683
2284,823
1222,4807
3348,3448
4742,125
1654,80
4184,2097
465,3146
2660,2710
4555,1982
1230,2234
125,2440
2214,1978
263,2156
1580,3368
3750,1397
2086,761
3418,3042
1419,342
4958,1632
2632,2070
4041,2063
95,1541
445,3796
426,1456
807,2728
1769,3951
2826,1840
4558,3491
2256,2891
3191,1192
1868,21
1375,257
2994,3423
2326,2423
374,965
1399,1570
2997,4160
1840,1709
992,673
1533,114
377,3771
2561,1022
3275,3135
2935,225
2131,1575
1733,714
2088,1440
202,2667
688,4838
3547,2022
117,3003
1082,3489
4976,3846
4601,2313
0,1496
2499,1583
1358,3077
4462,1744
2460,353
629,4859
488,2101
3939,2446
4232,685
4482,1557
2605,2820
1021,1154
2126,3158
3644,2374
2689,2719
1046,4429
2181,4269
3872,635
4076,3797
4356,4011
625,2105
207,3982
4209,2335
1534,3016
4064,2283
4257,4291
4364,3044
4708,2180
4122,4992
4457,1847
3080,2088
4055,3388
4307,1200
1325,4866
1876,1951
3370,4082
1329,471
932,500
1260,686
1945,3438
1624,628
1957,4053
3462,402
3712,4137
3208,1692
160,4084
4340,1156
931,3537
1697,466
4675,3009
4657,315
4787,760
3913,175
2962,3893
2112,2855
4567,2083
3047,1019
223,1099
3778,2
4926,2552
1135,2188
305,184
1791,2933
3389,3820
4540,1042
2450,794
4658,3936
2428,1309
841,1197
140,3287
2440,4819
672,353
772,1724
4684,3321
4580,3479
3406,1695
4187,2123
521,2469
3657,3250
3969,4627
433,2789
3000,4717
4052,3773
2425,4111
2238,3914
258,2581
3509,1639
3759,4963
163,4952
4412,3714
3249,68
4240,4708
2636,755
1607,2535
2062,4959
1299,1238
2228,4160
1501,4651
466,955
4948,1999
4299,573
4730,666
3221,825
1833,1195
3364,4205
953,2352
2485,3902
1378,4012
3549,3292
2081,3297
813,3537
696,2279
1262,2667
353,4349
3785,4108
3144,4208
4,2413
4415,1323
3985,2221
1487,1811
3922,4059
2818,1504
4006,3947
2400,1973
2782,2489
1102,2174
3874,1651
4833,4409
3524,2451
4404,4201
472,2484
1057,4256
4708,1745
2348,72
4487,3702
3674,4975
452,3917
3022,1754
719,2839
3273,2315
3914,2027
214,1296
3006,970
3981,3353
1227,3653
2799,1534
2817,2286
1339,1438
1649,3562
443,908
1599,2328
2486,4080
2462,4774
1722,3604
2276,1726
3690,4332
4178,736
3934,2092
917,4761
4897,3738
1411,2642
2492,4481
903,2140
2158,3166
2578,1584
105,804
1043,1012
716,1586
3188,1134
3834,1879
2895,4024
1077,4501
4963,2114
1003,728
1999,2894
4168,1888
3665,1705
3144,2604
3483,3005
1824,3969
2616,3556
4673,4339
1621,2886
1936,3166
20,2348
2551,4783
4574,3018
4490,2387
1565,2991
3165,3789
4784,77
4814,4684
2416,3217
2139,4338
1515,3112
3103,183
2957,4865
4263,4339
2998,385
2880,2077
3825,2837
708,4651
3990,3032
2314,4294
862,757
4686,4139
3487,3035
2832,2539
2389,4989
1923,2051
4394,2598
298,1908
2892,2368
473,3356
2402,151
3036,1180
111,1088
3611,594
3016,3810
4341,3031
903,1492
3476,4405
2073,2611
343,4922
680,1724
597,3009
3462,4476
1330,1227
1186,3800
406,1622
2559,2605
1892,711
2721,3506
2675,2399
3071,885
3170,2226
648,2539
1148,2902
2769,893
4835,3928
2025,4198
2676,678
3201,3674
1365,635
3405,2384
3055,4216
2051,2719
472,3298
3247,2765
331,2214
4936,1591
1851,3442
2201,3371
2361,4570
1975,3428
2105,293
3965,1478
4597,2008
3576,1214
2510,2694
788,2040
3994,4334
1477,3954
3822,2929
2067,2850
3302,4
4209,1268
3992,4081
2347,4234
2124,4830
1313,1795
3660,4977
279,2762
3898,573
1769,2111
3369,2033
3902,2637
73,1543
2597,1164
612,3247
3196,4432
2503,2772
3773,748
1084,1344
1133,4163
3308,4342
2737,1327
1381,3993
3380,4017
4055,3715
3703,3249
4807,3603
3128,4916
4749,1572
1195,1096
1484,1183
2269,2524
281,1881
2939,4535
4851,3178
1678,2554
3087,2606
3803,4027
2943,1222
1256,4727
3163,2227
2109,544
4544,4947
4625,2547
3291,2504
999,4512
149,37
2679,2125
720,213
1046,3147
4701,2492
2813,877
2037,1149
3809,2201
4800,4101
1973,2174
3963,115
1580,2904
4074,1725
2980,334
2256,392
4891,994
2179,2166
1052,3050
3574,325
1954,2730
176,1756
3673,4318
3061,4879
3507,3395
1138,2424
2747,4190
531,2472
4196,34
2104,3422
3051,3995
880,4359
891,4309
2601,1819
3698,4871
3744,4406
2274,3122
794,2890
1998,2207
89,909
3490,2842
1865,4585
4196,4832
1292,4348
4110,3354
1617,1018
4593,152
921,2959
497,817
865,4364
1717,1242
1181,3636
3298,379
3797,3272
2043,2641
474,1989
3592,4842
4932,209
777,1295
163,1059
3017,1900
2709,3991
1901,1373
3460,2122
848,2835
1040,4828
4989,725
4192,2248
308,3229
4934,3817
4682,1667
2305,1469
2880,4628
2426,4751
3867,712
829,4202
4301,4806
1347,3464
3533,2190
382,1925
566,1675
2424,2855
248,4293
647,2867
650,1331
3548,2548
8,4993
24,4997
4595,4887
4758,920
3947,3709
1902,136
2006,1838
527,183
4378,728
3715,3118
2847,3009
1898,1654
4243,4450
4868,3587
3981,4559
2748,2536
811,3281
4194,2955
3429,4997
3869,2293
1079,3109
1625,1857
4773,2288
849,3410
3766,4111
2136,3569
2616,430
4701,1999
3095,3370
4401,3792
19,1171
1939,4388
4608,3013
2972,3725
1291,1219
1754,3028
1859,1422
686,3385
31,41
528,1955
2248,1458
4821,3517
1070,4179
3567,381
2227,842
4860,59
4243,3724
921,4908
4817,2237
896,407
4316,771
766,1194
2357,4108
1710,1194
4744,4963
615,3054
1489,2446
1544,2208
1350,2069
3318,429
4446,1238
145,449
6,1695
2432,1782
4148,4425
2215,1441
4145,121
2639,1477
692,2274
1160,1962
1116,2373
637,2264
3874,1806
2217,444
2180,3713
3558,2748
3919,4114
961,1725
626,317
1188,662
323,3575
2046,3966
2748,4174
2556,1368
4807,3714
1516,2723
909,3
4313,2073
601,2881
222,3200
3125,635
4602,4082
4514,4467
1169,3678
2807,4561
851,4022
1086,498
286,1188
3974,318
4516,4700
2897,849
637,2113
844,4482
486,2563
3448,3888
4771,1392
3742,1635
1184,3335
2620,1611
3099,1928
1652,2525
2208,3893
2863,1141
1637,4058
4717,1772
1746,283
3365,4169
3950,923
4998,2489
3238,3679
2628,3606
230,3919
4790,3106
3927,3098
2961,1951
2215,2363
866,1235
3048,4019
2288,391
2897,3350
2845,1428
2846,1676
789,4488
3027,4573
1332,261
1984,131
2020,3067
4300,3046
2295,3289
4103,4757
861,3539
1097,1413
3204,3030
3064,2130
1121,4931
3635,4607
4592,3535
834,1200
4407,3554
1777,3949
79,4354
413,2700
3614,2084
3990,1446
1935,2
1724,3999
4935,1787
2489,2953
3978,80
2119,1406
1424,897
2099,1401
273,2377
539,3485
880,1747
2286,3741
159,154
4678,1507
1773,2044
2799,1120
4040,265
3842,1119
1854,4636
3319,1452
1046,2881
869,4327
82,4018
2525,2829
902,2659
1074,4884
1545,505
4213,3835
1363,1630
2487,4781
2109,982
4827,581
928,4646
2366,4806
702,980
3194,637
4058,4087
2439,2999
4525,2959
2306,4788
1276,496
4252,4114
970,1562
4575,3535
4699,7
3403,224
796,2185
2990,64
1701,288
2046,436
1652,1366
2127,4922
3112,4084
826,1105
3066,1214
2957,3404
2971,1346
2152,260
377,713
4611,4366
71,3831
3754,4342
2577,2970
4841,520
4744,1022
1298,4237
4560,1870
3136,3557
3369,4330
4649,533
736,2117
469,3485
697,4999
900,3097
33,1377
3334,4635
4324,2680
365,2821
2612,1432
2345,3789
4243,306
1361,691
3563,2367
2491,1101
3210,2242
1891,1047
1064,4078
2277,1601
2009,269
2292,1225
2070,391
487,2014
1335,310
4913,1880
1505,3962
945,584
1985,4507
4937,430
4403,3425
3569,3330
1155,3446
4887,1438
4486,2287
3571,246
4050,2411
4459,990
2787,4767
1719,3852
4819,4347
3003,3253
1101,4258
4596,2895
4944,1307
4062,1557
2788,1847
845,2231
347,3962
70,2271
4151,2696
2528,4048
1739,4667
2830,2741
4503,3602
1444,865
1435,1085
611,56
422,316
876,544
3850,1992
141,3179
1872,661
1105,850
213,875
643,3825
3344,3095
4701,770
1819,2602
161,1434
1428,502
3392,4989
3510,1844
3769,1703
1236,789
1809,31
1733,4526
3421,806
1202,2996
823,4725
2209,627
1175,2275
2959,2619
2521,3340
1384,3488
3237,1467
3802,3089
2763,3348
3600,3799
3316,28
1892,4402
4614,4424
4066,612
739,3818
4674,2542
4568,2470
1779,4083
4225,4448
2974,1117
2030,4538
4323,429
319,2748
1199,342
4876,3644
410,3720
2206,1050
4680,795
2833,2807
1013,1751
1856,2347
1880,2350
2313,3842
3920,767
4688,4719
3864,3315
374,2483
1769,3778
705,1463
2730,513
3225,3724
736,742
3408,4601
3983,2165
2790,4631
1250,65
2082,1223
2908,4683
1305,620
1763,1477
3828,432
654,3804
3427,2095
3346,4723
4281,4549
90,17
3724,500
2173,3132
1611,4785
3942,2712
3506,402
2977,3704
2116,2446
4880,2798
3222,2086
1120,3732
4700,1253
1685,1440
1717,579
2315,4960
1255,2907
2884,1888
4541,4880
1341,1582
2697,3423
1719,1520
325,4051
1618,2073
2455,1950
1688,981
862,4195
148,842
2076,5
317,1118
2462,4380
62,1032
2470,3982
104,4246
1165,4736
2810,2236
1105,1945
101,4799
4014,4600
3407,4296
3282,3259
3985,4767
2538,1334
4098,707
2759,2042
3459,4536
3210,3870
4120,1964
3361,687
2697,1343
2594,1019
908,1366
2787,3099
3523,2564
2741,349
1828,2476
245,1021
1483,2850
395,3942
2141,1136
3531,4397
1487,4123
4924,3274
2673,882
2825,3137
1438,1974
1903,2064
1702,2263
2351,1266
1980,3086
1458,181
1613,1057
3861,983
2938,2189
1034,1270
1569,3066
3546,208
1459,1844
4532,432
1442,4513
426,2641
3386,4604
3911,3501
4220,3181
2966,4220
4146,2776
1962,2702
4678,1997
1431,4077
3909,2588
3983,484
4848,1555
1568,2019
3428,342
4252,3505
1378,566
4824,2467
2660,2464
442,2009
2146,360
410,4757
4223,461
771,2440
4751,4491
530,3109
413,4102
1523,2501
4177,4942
1440,1831
3036,539
3720,3878
2576,3108
2842,2227
2952,4495
42,861
202,4422
1931,3549
825,4226
4908,3034
784,2775
915,2584
4812,4790
3092,2276
4043,970
3290,2718
4671,3611
2620,254
287,1532
828,4762
2619,2191
4488,256
4449,3316
2907,4638
2171,1621
323,3598
3681,3406
1047,261
3271,1136
4066,1433
3663,566
3184,629
4852,971
4837,1591
1802,324
3262,4293
3398,146
415,2240
1934,659
1782,143
1883,3454
3752,2422
647,3339
4037,1265
2564,2359
1983,2798
2466,3042
4746,2053
4007,3859
4051,3478
3479,4963
2836,494
3359,1030
200,2182
2991,2454
1974,2612
3001,2570
4550,209
461,4409
4982,1513
1934,2219
4027,3090
1988,4111
1827,4003
4047,3362
3233,3075
255,3304
1664,567
618,1905
2710,3264
3139,502
3274,3757
385,3018
4797,3543
3492,4537
239,3245
2524,2538
191,4907
936,3393
3506,4248
2850,4844
1782,3276
4221,2546
2357,3344
906,2630
4591,2203
346,365
3374,1432
3945,3917
2705,2617
2961,3284
511,4510
1770,3635
551,1364
3113,404
4631,872
3399,3462
414,1942
2367,3645
3183,2839
661,100
1284,4509
3593,1683
1546,806
4164,2406
4609,666
688,4536
4934,4566
4333,2272
1506,586
642,4640
3878,502
2999,2366
3804,531
4951,79
4065,3947
4381,3513
1956,1508
647,4649
917,87
736,3392
2200,4354
795,2612
184,3863
3528,4495
1256,3742
2139,2597
844,4668
1222,782
1510,1227
2879,4662
855,2732
3341,4309
4932,822
1227,2073
2566,4684
1355,66
3497,2250
2440,4524
4707,387
2182,3588
2003,456
3823,3970
1808,1784
2669,935
286,4865
1786,3337
855,4721
2537,4468
1013,133
1327,3009
1283,102
576,1572
2387,720
2747,3594
2228,345
4722,1123
4045,2938
2659,399
3909,3018
2501,3148
3153,292
1787,1348
1545,1665
2858,3776
4713,2972
2158,3221
2707,2820
2305,548
3527,898
230,4735
2684,2722
3707,3588
3790,663
4292,2917
709,785
4206,1642
1279,1826
4856,991
3315,2875
27,722
1509,3971
3881,2903
3187,1501
2063,4872
633,758
519,1658
2788,1413
4111,4078
1585,1846
2558,4529
1020,4941
1714,2575
2413,4163
1942,881
1611,4961
2233,4299
871,4508
1873,3713
3841,4451
401,2289
3600,4420
931,4951
3913,2548
3854,3513
1362,778
3053,1469
317,4145
3349,1568
904,4953
490,2671
3206,1182
3261,4319
3525,1220
4434,3280
4540,398
3884,2134
1445,3916
929,1600
4010,1763
2309,3512
309,2076
3166,833
1908,4411
2629,373
4806,305
2809,2535
2608,1377
4083,1065
4806,259
1426,2693
1761,574
3973,964
541,919
24,1401
3216,1749
2558,4141
2644,625
2362,1130
1663,1075
2411,2761
2238,2708
2121,2882
2589,1349
3173,3715
4833,3511
441,2398
337,3263
398,4735
1750,849
292,4636
4387,1228
2157,1704
2747,2315
4891,1983
4015,1600
3049,3731
2848,2312
455,2700
2100,4738
3375,4192
2746,4956
1568,4705
1308,160
3804,3028
3874,1274
3027,814
783,2775
2021,4657
551,4064
135,3921
105,1190
3347,1880
4109,357
3197,1672
1455,1345
1282,659
2474,1100
1890,4431
4660,2452
396,2587
3511,510
1756,1388
3573,2235
2948,73
291,798
2149,1683
4603,4454
2734,1556
256,3335
4243,4598
610,779
1573,1176
4992,1015
1987,3330
885,2590
4997,3099
3668,1195
4057,4595
3081,1959
3307,521
2409,3124
1381,657
4196,3246
1056,3020
3366,334
2822,4972
1856,798
1977,2732
3937,4227
1396,1205
248,3265
4188,1348
4448,4050
3015,3408
4044,1786
2122,3297
28,3722
836,1133
4398,4563
1980,393
4959,2614
4964,4198
4768,3672
4890,1517
4218,1325
658,3854
563,749
3920,4144
3936,3680
4856,146
231,1295
2623,227
1859,3172
4944,3134
3609,4491
1981,3021
2247,4650
1246,1281
1948,3637
1580,776
2807,145
2837,2719
1128,3268
2734,2926
3449,1692
2197,718
3354,1834
162,2311
3638,4737
2339,243
3728,1756
2908,3374
2991,1284
1607,4560
4503,2639
843,299
747,4080
986,86
3458,4904
4099,3591
438,665
3332,1917
2294,1263
3314,4060
4488,2582
1290,858
1298,1337
695,1051
2237,3110
3375,3491
308,1821
3423,810
4496,545
3618,4274
848,76
3853,3734
638,2395
4805,3063
2071,4638
1080,1728
2970,1194
72,568
4996,3632
4001,4410
2032,4935
1496,3995
1529,4255
3283,2264
889,2522
2421,396
1292,4040
3212,4412
3729,2556
220,2550
179,2632
2627,2599
2030,294
521,4114
396,1502
4461,4511
1544,2855
889,4560
2227,4858
852,30
4112,1188
821,4549
864,4331
4083,3930
2982,660
1839,2440
3412,98
2878,4400
955,3897
612,1235
3734,2816
515,3034
3061,1557
3852,3437
1798,2299
832,3871
1704,3837
3438,3991
1811,3078
382,1346
4858,1591
1132,4736
4663,2021
1099,1446
3624,1489
2252,1977
2893,4617
1296,4943
4320,1434
135,4307
479,646
779,4330
3475,2968
736,3222
307,3887
1236,2877
3515,2913
24,2143
1684,779
3371,1040
458,2406
3460,3956
3694,3855
978,734
1188,3495
3318,4024
1590,1075
867,4212
4459,449
4908,1695
1285,1524
4786,4737
253,4375
2109,3627
3240,4153
1906,3541
3063,4095
2496,3073
2186,470
4283,4620
637,3649
681,1812
569,859
4934,2440
2046,812
1331,4882
871,323
3402,3934
1267,3723
3703,4319
1746,998
1141,2035
236,4777
961,2495
2226,2794
2026,2636
1166,288
4705,1283
4490,1621
4168,3041
3088,4669
228,2428
1469,2024
2670,1387
4340,3562
453,2110
1767,4964
2874,4639
1155,3646
1576,4439
4898,2439
3861,4252
3786,3695
3716,4230
618,2119
3091,4646
3202,662
4878,2077
4417,3713
566,3212
754,4574
1802,3664
988,3563
869,1202
2414,66
128,844
3692,3376
3143,649
4455,976
3642,2774
1955,2087
769,2221
4118,807
3908,4752
3733,4444
3869,2442
1727,3364
3685,3971
637,197
1911,223
2826,1161
1816,4199
1991,894
4601,4826
2519,2876
1269,3441
3718,2792
